================ Kernel-00
1, 1, 0, 1, 1,
1, 1, 0, 1, 1,
1, 1, 0, 1, 1,
1, 1, 0, 1, 1,
1, 1, 0, 1, 1,
================ Kernel-01
1, 1, 1, 1, 1,
1, 1, 1, 1, 1,
0, 0, 0, 0, 0,
1, 1, 1, 1, 1,
1, 1, 1, 1, 1,
================ Kernel-02
1, 1, 0, 1, 1,
1, 1, 0, 1, 1,
0, 0, 0, 0, 0,
1, 1, 0, 1, 1,
1, 1, 0, 1, 1,
================ Kernel-10
0, 0, 1, 0, 0,
0, 0, 1, 0, 0,
0, 0, 1, 0, 0,
0, 0, 1, 0, 0,
0, 0, 1, 0, 0,
================ Kernel-11
0, 0, 0, 0, 0,
0, 0, 0, 0, 0,
1, 1, 1, 1, 1,
0, 0, 0, 0, 0,
0, 0, 0, 0, 0,
================ Kernel-12
0, 0, 1, 0, 0,
0, 0, 1, 0, 0,
1, 1, 1, 1, 1,
0, 0, 1, 0, 0,
0, 0, 1, 0, 0,
================ Kernel-20
1, 0, 0, 0, 1,
0, 1, 0, 1, 0,
0, 0, 1, 0, 0,
0, 1, 0, 1, 0,
1, 0, 0, 0, 1,
================ Kernel-21
-1,  0,  0,  0, -1,
 0, -1,  0, -1,  0,
 0,  0, -1,  0,  0,
 0, -1,  0, -1,  0,
-1,  0,  0,  0, -1,
================ Kernel-22
0, 0, 1, 0, 0,
0, 0, 1, 0, 0,
1, 1, 1, 1, 1,
0, 0, 1, 0, 0,
0, 0, 1, 0, 0,
x
================ Bias
-10, -20, -30
x
================ 
================ 
================ 
================ Kernel-00
1, 0, 1,
1, 0, 1,
1, 0, 1,
================ Kernel-01
0, 1, 0,
0, 1, 0,
0, 1, 0,
================ Kernel-02
1, 0, 1,
0, 1, 0,
1, 0, 1,
================ Kernel-10
0, 1, 0,
0, 1, 0,
0, 1, 0,
================ Kernel-11
1, 0, 1,
1, 0, 1,
1, 0, 1,
================ Kernel-12
0, 1, 0,
1, 1, 1,
0, 1, 0
x
================ Bias
1, 2
x
================ 
================ 
================ 
================ Weights: [1]  5 * 54
1, 1, 1, 1, 1, 1, 1, 1, 1, 1, 1, 1, 1, 1, 1, 1, 1, 1, 1, 1, 1, 1, 1, 1, 1, 1, 1, 1, 1, 1, 1, 1, 1, 1, 1, 1, 1, 1, 1, 1, 1, 1, 1, 1, 1, 1, 1, 1, 1, 1, 1, 1, 1, 1, 1, 1, 1, 1, 1, 1, 1, 1, 1, 1, 1, 1, 1, 1, 1, 1, 1, 1, 1, 1, 1, 1, 1, 1, 1, 1, 1, 1, 1, 1, 1, 1, 1, 1, 1, 1, 1, 1, 1, 1, 1, 1, 1, 1, 1, 1, 1, 1, 1, 1, 1, 1, 1, 1, 1, 1, 1, 1, 1, 1, 1, 1, 1, 1, 1, 1, 1, 1, 1, 1, 1, 1, 1, 1, 1, 1, 1, 1, 1, 1, 1, 1, 1, 1, 1, 1, 1, 1, 1, 1, 1, 1, 1, 1, 1, 1, 1, 1, 1, 1, 1, 1, 1, 1, 1, 1, 1, 1, 1, 1, 1, 1, 1, 1, 1, 1, 1, 1, 1, 1, 1, 1, 1, 1, 1, 1, 1, 1, 1, 1, 1, 1, 1, 1, 1, 1, 1, 1, 1, 1, 1, 1, 1, 1, 1, 1, 1, 1, 1, 1, 1, 1, 1, 1, 1, 1, 1, 1, 1, 1, 1, 1, 1, 1, 1, 1, 1, 1, 1, 1, 1, 1, 1, 1, 1, 1, 1, 1, 1, 1, 1, 1, 1, 1, 1, 1, 1, 1, 1, 1, 1, 1, 1, 1, 1, 1, 1, 1, 1, 1, 1, 1, 1, 1, 1, 1, 1, 1, 1, 1, 1, 1, 1, 1, 1, 1
x
================ Bias: [1]  5
1, 1, 1, 1, 1
x
================ 
================ 
================ 
================ Weights: [1]  5 * 4
1, 1, 1, 1, 1, 1, 1, 1, 1, 1, 1, 1, 1, 1, 1, 1, 1, 1, 1, 1
x
================ Weights: [1] 45
1, 1, 1, 1
x
================ 
================ 
================ 
================ Weights: [1]  5 * 4
1, 1, 1, 1, 1, 1, 1, 1, 1, 1, 1, 1
x
1, 1, 1
x